  kp gain   kd gain         mean       median       min          max   % below 20
     2E03      2E04      90.8598      90.6461    0.0000     179.3826       2.6401
     5E03      5E04      89.6911      90.4533    0.0000     177.9596       2.6117
     7E03      7E04      91.3410      90.7002    0.0000     179.2508       1.9273
     1E04      1E05      86.5367      85.3208    0.0000     179.2290       1.7997
     1E04      1E05      85.9991      87.1890    0.0000     179.7664       3.9611
     1E04      1E05      88.8453      89.5138    0.0000     179.4308       3.7182
     1E04      1E05      85.7624      85.4502    0.0000     178.8054       4.0870
     2E04      2E05      81.2473      78.3777    0.0000     179.2286       4.3228
     2E04      2E05      79.8542      78.4950    0.0000     176.6933       4.3458
     2E04      2E05      75.7532      73.0890    0.0000     179.0656       5.9115
     2E04      2E05      78.1936      75.8024    0.0000     179.4393       3.1738
     3E04      3E05      76.9304      74.3757    0.0000     179.3089       2.9167
     3E04      3E05      76.6785      72.9936    0.0000     179.1486       3.4841
     3E04      3E05      73.5324      69.5813    0.0000     178.0390       4.8441
     3E04      3E05      71.0303      67.0048    0.0000     174.2649       5.0515
     4E04      4E05      68.5932      65.8572    0.0000     179.7014       5.6508
     4E04      4E05      74.4634      71.8450    0.0000     178.2901       5.5533
     4E04      4E05      69.2931      66.6326    0.0000     179.6916       7.2927
     4E04      4E05      67.1648      64.8270    0.0000     179.1577       7.1934
     5E04      5E05      64.0598      59.4937    0.0000     178.3250       7.5711
     5E04      5E05      66.8810      61.6181    0.0000     179.1898       7.8867
     5E04      5E05      63.4568      60.3421    0.0000     177.4726       6.1526
     5E04      5E05      61.7648      57.9646    0.0000     177.7611      10.7608
     6E04      6E05      63.7992      59.9728    0.0000     177.5608       7.0037
     6E04      6E05      64.4317      60.7724    0.0000     178.4694       6.3778
     6E04      6E05      63.4100      58.7079    0.0000     168.3208       8.2058
     6E04      6E05      59.5497      55.1174    0.0000     171.4054      11.8655
     7E04      7E05      60.2969      55.2822    0.0000     173.1329       8.9558
     7E04      7E05      63.8560      58.6027    0.0000     178.1583       7.8991
     7E04      7E05      63.5054      59.5219    0.0000     174.8778       7.2554
     7E04      7E05      60.1396      56.3766    0.0000     179.1171       8.6792
     8E04      8E05      61.2473      57.0682    0.0000     175.6813       9.8583
     8E04      8E05      61.4815      56.8590    0.0000     170.7659       8.4044
     8E04      8E05      60.4425      57.0259    0.0000     179.0031       7.0232
     8E04      8E05      59.0741      53.3459    0.0000     179.9557      10.1349
     9E04      9E05      59.7807      54.9523    0.0000     178.4648       9.7750
     9E04      9E05      58.5456      54.4159    0.0000     179.0327       7.4398
     9E04      9E05      56.8533      51.1330    0.0000     179.4692      11.1935
     9E04      9E05      59.2663      54.5666    0.0000     179.2928      10.2803
     2E04      2E05      75.7532      73.0890    0.0000     179.0656       5.9115
     5E04      5E05      64.0598      59.4937    0.0000     178.3250       7.5711
     7E04      7E05      63.5054      59.5219    0.0000     174.8778       7.2554
     1E05      1E06      52.3033      46.6726    0.0000     173.4305      12.7431
     1E05      1E06      50.0542      44.6248    0.0000     165.7505      13.2378
     1E05      1E06      50.5500      43.5830    0.0000     175.4230      13.8176
     1E05      1E06      51.9891      44.1627    0.0000     176.8252      13.7680
     2E05      2E06      48.4371      40.1929    0.0000     175.7950      19.8248
     2E05      2E06      47.4507      40.2241    0.0000     155.0240      19.5890
     2E05      2E06      45.9493      39.1924    0.0000     170.3815      20.3142
     2E05      2E06      45.1632      38.0034    0.0000     179.7127      16.4719
     3E05      3E06      44.7166      36.9860    0.0000     179.0659      23.6635
     3E05      3E06      43.9372      36.0503    0.0000     178.0591      26.1547
     3E05      3E06      44.7208      33.5218    0.0000     179.8135      29.2700
     3E05      3E06      42.6797      33.4872    0.0000     167.5591      27.3196
     4E05      4E06      42.4574      33.8528    0.0000     173.1765      27.3764
     4E05      4E06      42.4352      31.8091    0.0000     176.5190      27.1441
     4E05      4E06      39.0619      29.3322    0.0000     167.9388      31.3037
     4E05      4E06      38.8172      28.8962    0.0000     176.9747      31.9208
     5E05      5E06      41.3971      30.8493    0.0000     174.7983      29.9881
     5E05      5E06      41.7733      32.5219    0.0000     175.2400      28.5200
     5E05      5E06      38.5933      28.8101    0.0000     173.4370      34.5219
     5E05      5E06      35.7798      25.5696    0.0000     173.6621      45.9317
     6E05      6E06      46.2017      36.0405    0.0000     178.6449      28.5945
     6E05      6E06      35.2565      27.0999    0.0000     179.4489      36.5875
     6E05      6E06      38.9357      28.3237    0.0000     179.7332      38.2400
     6E05      6E06      43.7648      32.0652    0.0000     179.6601      34.3552
     7E05      7E06      38.1458      27.0167    0.0000     179.1998      35.7187
     7E05      7E06      37.4063      26.2859    0.0000     171.9771      40.8092
     7E05      7E06      39.6755      28.6785    0.0000     179.3269      38.1585
     7E05      7E06      42.0594      33.3888    0.0000     176.7630      28.9562
     8E05      8E06      36.2166      26.4871    0.0000     174.0157      39.0947
     8E05      8E06      40.2569      28.1516    0.0000     172.9481      38.0149
     8E05      8E06      38.0001      27.0956    0.0000     179.8349      39.9706
     8E05      8E06      35.3894      24.7248    0.0000     177.8280      45.7526
     9E05      9E06      36.8177      25.7513    0.0000     177.1666      44.0841
     9E05      9E06      37.2517      25.3326    0.0000     178.3202      43.1497
     9E05      9E06      39.3764      26.6158    0.0000     176.4192      41.8944
     9E05      9E06      37.4744      24.3582    0.0000     174.0063      50.7332
     2E05      2E06      45.9493      39.1924    0.0000     170.3815      20.3142
     5E05      5E06      41.3971      30.8493    0.0000     174.7983      29.9881
     7E05      7E06      39.6755      28.6785    0.0000     179.3269      38.1585
     1E06      1E07      38.2170      24.0970    0.0000     178.2079      47.8182
     1E06      1E07      36.8026      24.5404    0.0000     179.4410      50.9406
     1E06      1E07      36.5259      23.4566    0.0000     178.3568      57.2067
     1E06      1E07      39.0505      24.6272    0.0000     179.8820      50.7864
     2E06      2E07      35.8108      21.6170    0.0000     173.0536      60.7848
     2E06      2E07      35.2756      19.9770    0.0000     178.5431      67.0952
     2E06      2E07      33.8593      20.5687    0.0000     176.8723      57.7954
     2E06      2E07      33.8144      19.5573    0.0000     178.4094      63.0277
     3E06      3E07      34.3012      19.8081    0.0000     178.4372      60.9231
     3E06      3E07      33.6464      19.7027    0.0000     177.1397      64.2511
     3E06      3E07      38.9656      25.6739    0.0000     174.9592      51.8573
     3E06      3E07      37.4874      22.6397    0.0000     179.5841      56.0737
     4E06      4E07      31.8344      18.4219    0.0000     178.1970      66.0792
     4E06      4E07      30.8351      17.8464    0.0000     178.9005      69.3168
     4E06      4E07      32.3597      18.8865    0.0000     179.8272      64.8256
     4E06      4E07      31.6512      18.0910    0.0000     173.8201      67.0544
     5E06      5E07      32.2452      19.9648    0.0000     166.1152      64.4284
     5E06      5E07      38.1717      25.6960    0.0000     179.2189      53.3165
     5E06      5E07      31.1476      17.8682    0.0000     177.0760      68.5225
     5E06      5E07      35.7476      20.5515    0.0000     179.3302      62.6252
     6E06      6E07      34.3537      21.8598    0.0000     179.4418      57.0790
     6E06      6E07      37.4286      24.1545    0.0000     175.4724      55.8662
     6E06      6E07      32.4550      17.6821    0.0000     178.2324      66.9037
     6E06      6E07      30.9259      19.5839    0.0000     175.8412      63.1678
     7E06      7E07      30.1055      17.0809    0.0000     171.8517      70.7548
     7E06      7E07      31.8029      18.0643    0.0000     175.3610      64.6696
