kp      kd      mean    med     min     max
2.5E5   2.5E6   62.4893 56.6859 0       178.7342
2.5E6   2.5E7   45.9493 39.1924 0       170.3815
2.5E7   2.5E8   35.4253 21.0880 0       179.4169
2.5E8   2.5E9   33.1769 18.8244 0       166.7795
2.5E9   2.5E10  49.8377 42.5011 0       178.7753
2.5E10  2.5E11  32.3010 20.2834 0       178.0811
2.5E11  2.5E12  36.8425 23.6948 0       176.8503
2.5E12  2.5E13  30.2522 15.8327 0       172.1328
2.5E13  2.5E14  34.0655 22.4507 0       154.2631
2.5E14  2.5E15  35.2300 20.6995 0       179.1696
2.5E15  2.5E16  34.4499 20.5152 0       176.3456
2.5E16  2.5E17  33.1460 19.0491 0       165.2740
2.5E17  2.5E18  35.7162 20.3788 0       178.5670
2.5E18  2.5E19  32.2410 17.9052 0       179.4628
2.5E19  2.5E20  32.7579 19.2050 0       178.3990
2.5E20  2.5E21  30.6018 17.5338 0       158.0151
2.5E21  2.5E22  33.5064 19.9704 0       179.6476
2.5E22  2.5E23  34.8313 19.9563 0       176.5867
2.5E23  2.5E24  31.5565 17.7108 0       179.1790
2.5E24  2.5E25  34.5543 21.2558 0       177.6926
2.5E25  2.5E26  32.8527 17.5544 0       169.7879
2.5E26  2.5E27  33.9244 17.9492 0       178.1051
2.5E27  2.5E28  33.0469 20.5502 0       175.0003
2.5E28  2.5E29  36.5848 23.2649 0       175.5168
2.5E29  2.5E30  33.8190 18.3161 0       179.5904
2.5E30  2.5E31  32.2756 18.5350 0       173.4401
2.5E31  2.5E32  36.2898 23.0730 0       179.4260
2.5E32  2.5E33  36.2322 23.4547 0       174.8282
2.5E33  2.5E34  32.0455 17.0429 0       176.3568