satdip gain         mean       median       min          max % below 20 in sun % below 40 in ecl 
     0.01      79.6280      78.7446    0.0000     178.9408       5.8386      11.8203
     0.02      73.2177      68.5484    0.0000     179.1436       7.2091      12.5963
     0.03      52.4821      46.4458    0.0000     175.2191      32.2705      21.2821
     0.04      53.6565      44.1740    0.0000     179.0304      37.4975      21.9112
     0.05      25.3958      12.6759    0.0000     174.6963      80.6834      42.3618
     0.06      30.3734      17.4379    0.0000     175.6970      70.5346      54.6533
     0.07      21.9605       9.8462    0.0000     157.4401      82.3276      61.1191
     0.08      21.9560      10.7143    0.0000     178.8956      84.3098      64.5225
     0.09      18.0695       8.7115    0.0000     160.3720      88.0849      69.3421
     0.10      18.4442       8.4706    0.0000     173.3275      86.6597      77.8255
     0.11      20.2430       9.1114    0.0000     160.4962      85.5755      71.8253
     0.12      15.8854       8.6028    0.0000     107.7532      87.7329      81.0958
     0.13      17.2045       9.3807    0.0000     168.5850      86.9585      84.8456
     0.14      14.6828       9.0858    0.0000      90.3659      87.9457      87.6254
     0.15      15.7049       7.3809    0.0000     104.5721      91.2733      76.7724
     0.16      15.4829       8.1211    0.0000     123.9572      89.2724      84.1999
     0.17      22.9763      12.8132    0.0000     179.7954      79.0500      68.7351
     0.18      17.5471       9.7682    0.0000     152.8083      85.5192      77.0883
     0.19      19.5223       7.6574    0.0000     170.8534      88.2257      68.2972
     0.20      16.3937      10.0114    0.0000     123.3035      86.6253      82.2515
     0.21      18.4834       8.5548    0.0000     173.9119      87.9206      80.7272
     0.22      18.3816       6.9295    0.0000     175.4340      92.4342      67.3993
     0.23      24.6950      12.9802    0.0000     174.9795      77.5888      70.2428
     0.24      26.8220      13.9864    0.0000     177.1942      79.9136      56.1305
     0.25      17.3054       8.6157    0.0000     162.0672      89.1003      77.0218
     0.26      20.5432       9.9060    0.0000     142.9182      84.1722      67.5018
     0.27      19.5697       8.7857    0.0000     172.2399      85.9838      72.2465
     0.28      14.4587       8.6440    0.0000      97.2018      87.9034      91.2228
     0.29      14.3106       8.1302    0.0000      90.3659      88.3149      87.9608
     0.30      17.8732      10.1454    0.0000     176.8510      86.1606      77.9170
