  kp gain   kd gain         mean       median       min          max   % below 20
  1.00E01   1.00E02      90.8912      90.4964    0.0000     179.2037       2.2110
  1.25E01   1.25E02      90.8912      90.4964    0.0000     179.2037       2.2110
  1.50E01   1.50E02      90.8912      90.4964    0.0000     179.2037       2.2110
  1.75E01   1.75E02      90.8912      90.4964    0.0000     179.2037       2.2110
  2.00E01   2.00E02      90.8912      90.4964    0.0000     179.2037       2.2110
  2.25E01   2.25E02      90.8912      90.4964    0.0000     179.2037       2.2110
  2.50E01   2.50E02      90.8912      90.4964    0.0000     179.2037       2.2110
  2.75E01   2.75E02      90.8912      90.4964    0.0000     179.2037       2.2110
  3.00E01   3.00E02      90.8912      90.4964    0.0000     179.2037       2.2110
  3.25E01   3.25E02      90.8912      90.4964    0.0000     179.2037       2.2110
  3.50E01   3.50E02      90.8912      90.4964    0.0000     179.2037       2.2110
  3.75E01   3.75E02      90.8912      90.4964    0.0000     179.2037       2.2110
  4.00E01   4.00E02      90.8912      90.4964    0.0000     179.2037       2.2110
  4.25E01   4.25E02      90.8912      90.4964    0.0000     179.2037       2.2110
  4.50E01   4.50E02      90.8912      90.4964    0.0000     179.2037       2.2110
  4.75E01   4.75E02      90.8912      90.4964    0.0000     179.2037       2.2110
  5.00E01   5.00E02      90.8912      90.4964    0.0000     179.2037       2.2110
  5.25E01   5.25E02      90.8912      90.4964    0.0000     179.2037       2.2110
  5.50E01   5.50E02      90.8912      90.4964    0.0000     179.2037       2.2110
  5.75E01   5.75E02      90.8912      90.4964    0.0000     179.2037       2.2110
  6.00E01   6.00E02      90.8912      90.4964    0.0000     179.2037       2.2110
  6.25E01   6.25E02      90.8912      90.4964    0.0000     179.2037       2.2110
  6.50E01   6.50E02      90.8912      90.4964    0.0000     179.2037       2.2110
  6.75E01   6.75E02      90.8912      90.4964    0.0000     179.2037       2.2110
  7.00E01   7.00E02      90.8912      90.4964    0.0000     179.2037       2.2110
  7.25E01   7.25E02      90.8912      90.4964    0.0000     179.2037       2.2110
  7.50E01   7.50E02      90.8912      90.4964    0.0000     179.2037       2.2110
  7.75E01   7.75E02      90.8912      90.4964    0.0000     179.2037       2.2110
  8.00E01   8.00E02      90.8912      90.4964    0.0000     179.2037       2.2110
  8.25E01   8.25E02      90.8912      90.4964    0.0000     179.2037       2.2110
  8.50E01   8.50E02      90.8912      90.4964    0.0000     179.2037       2.2110
  8.75E01   8.75E02      90.8912      90.4964    0.0000     179.2037       2.2110
  9.00E01   9.00E02      90.8912      90.4964    0.0000     179.2037       2.2110
  9.25E01   9.25E02      90.8912      90.4964    0.0000     179.2037       2.2110
  9.50E01   9.50E02      90.8912      90.4964    0.0000     179.2037       2.2110
  9.75E01   9.75E02      90.8912      90.4964    0.0000     179.2037       2.2110
  1.00E02   1.00E03      90.8912      90.4964    0.0000     179.2037       2.2110
  1.25E02   1.25E03      90.8912      90.4964    0.0000     179.2037       2.2110
  1.50E02   1.50E03      90.8912      90.4964    0.0000     179.2037       2.2110
  1.75E02   1.75E03      90.8912      90.4964    0.0000     179.2037       2.2110
  2.00E02   2.00E03      90.8912      90.4964    0.0000     179.2037       2.2110
  2.25E02   2.25E03      90.8912      90.4964    0.0000     179.2037       2.2110
  2.50E02   2.50E03      90.8912      90.4964    0.0000     179.2037       2.2110
  2.75E02   2.75E03      90.8912      90.4964    0.0000     179.2037       2.2110
  3.00E02   3.00E03      90.8912      90.4964    0.0000     179.2037       2.2110
  3.25E02   3.25E03      90.8912      90.4964    0.0000     179.2037       2.2110
  3.50E02   3.50E03      90.8912      90.4964    0.0000     179.2037       2.2110
  3.75E02   3.75E03      90.8912      90.4964    0.0000     179.2037       2.2110
  4.00E02   4.00E03      90.8912      90.4964    0.0000     179.2037       2.2110
  4.25E02   4.25E03      90.8912      90.4964    0.0000     179.2037       2.2110
  4.50E02   4.50E03      90.8912      90.4964    0.0000     179.2037       2.2110
  4.75E02   4.75E03      90.8912      90.4964    0.0000     179.2037       2.2110
  5.00E02   5.00E03      90.8912      90.4964    0.0000     179.2037       2.2110
  5.25E02   5.25E03      90.8912      90.4964    0.0000     179.2037       2.2110
  5.50E02   5.50E03      90.8912      90.4964    0.0000     179.2037       2.2110
  5.75E02   5.75E03      90.8912      90.4964    0.0000     179.2037       2.2110
  6.00E02   6.00E03      90.8912      90.4964    0.0000     179.2037       2.2110
  6.25E02   6.25E03      90.8912      90.4964    0.0000     179.2037       2.2110
  6.50E02   6.50E03      90.8912      90.4964    0.0000     179.2037       2.2110
  6.75E02   6.75E03      90.8912      90.4964    0.0000     179.2037       2.2110
  7.00E02   7.00E03      90.8912      90.4964    0.0000     179.2037       2.2110
  7.25E02   7.25E03      90.8912      90.4964    0.0000     179.2037       2.2110
  7.50E02   7.50E03      90.8912      90.4964    0.0000     179.2037       2.2110
  7.75E02   7.75E03      90.8912      90.4964    0.0000     179.2037       2.2110
  8.00E02   8.00E03      90.8912      90.4964    0.0000     179.2037       2.2110
  8.25E02   8.25E03      90.8912      90.4964    0.0000     179.2037       2.2110
  8.50E02   8.50E03      90.8912      90.4964    0.0000     179.2037       2.2110
  8.75E02   8.75E03      90.8912      90.4964    0.0000     179.2037       2.2110
  9.00E02   9.00E03      90.8912      90.4964    0.0000     179.2037       2.2110
  9.25E02   9.25E03      90.8912      90.4964    0.0000     179.2037       2.2110
  9.50E02   9.50E03      90.8912      90.4964    0.0000     179.2037       2.2110
  9.75E02   9.75E03      90.8912      90.4964    0.0000     179.2037       2.2110
  1.00E03   1.00E04      90.8912      90.4964    0.0000     179.2037       2.2110
  1.25E03   1.25E04      90.8912      90.4964    0.0000     179.2037       2.2110
  1.50E03   1.50E04      90.8912      90.4964    0.0000     179.2037       2.2110
  1.75E03   1.75E04      90.8912      90.4964    0.0000     179.2037       2.2110
  2.00E03   2.00E04      90.8912      90.4964    0.0000     179.2037       2.2110
  2.25E03   2.25E04      90.8912      90.4964    0.0000     179.2037       2.2110
  2.50E03   2.50E04      90.8912      90.4964    0.0000     179.2037       2.2110
  2.75E03   2.75E04      90.8912      90.4964    0.0000     179.2037       2.2110
  3.00E03   3.00E04      90.8912      90.4964    0.0000     179.2037       2.2110
  3.25E03   3.25E04      90.8912      90.4964    0.0000     179.2037       2.2110
  3.50E03   3.50E04      90.8912      90.4964    0.0000     179.2037       2.2110
  3.75E03   3.75E04      90.8912      90.4964    0.0000     179.2037       2.2110
  4.00E03   4.00E04      90.8912      90.4964    0.0000     179.2037       2.2110
  4.25E03   4.25E04      90.8912      90.4964    0.0000     179.2037       2.2110
  4.50E03   4.50E04      90.8912      90.4964    0.0000     179.2037       2.2110
  4.75E03   4.75E04      90.9506      90.4496    0.0000     179.2037       2.5125
  5.00E03   5.00E04      91.3320      90.6321    0.0000     179.2037       1.9575
  5.25E03   5.25E04      91.2259      91.1493    0.0000     178.6407       2.5763
  5.50E03   5.50E04      87.3008      87.1490    0.0000     179.7128       2.6703
  5.75E03   5.75E04      93.5125      93.9756    0.0000     178.6495       5.7749
  6.00E03   6.00E04      88.3123      87.9946    0.0000     179.4566       2.2483
  6.25E03   6.25E04      89.1867      88.9599    0.0000     179.7841       4.7448
  6.50E03   6.50E04      87.8954      85.3568    0.0000     179.9021       3.3618
  6.75E03   6.75E04      93.7302      90.6570    0.0000     179.4235       3.0462
  7.00E03   7.00E04      88.0862      86.5943    0.0000     179.7799       3.1100
  7.25E03   7.25E04      91.4623      91.7092    0.0000     177.8892       2.2926
  7.50E03   7.50E04      88.1076      89.1509    0.0000     178.0982       3.8068
  7.75E03   7.75E04      85.0685      84.9812    0.0000     179.9021       4.2217
  8.00E03   8.00E04      88.9189      89.5626    0.0000     178.5218       2.4025
  8.25E03   8.25E04      85.3917      86.4122    0.0000     179.2367       3.8316
  8.50E03   8.50E04      82.7307      81.0814    0.0000     177.5690       4.6313
  8.75E03   8.75E04      86.4452      86.7254    0.0000     179.5992       4.0923
  9.00E03   9.00E04      81.1233      81.9543    0.0000     177.3133       4.3990
  9.25E03   9.25E04      80.7397      77.6878    0.0000     177.2280       2.8937
  9.50E03   9.50E04      84.6519      84.2796    0.0000     177.6549       4.4451
  9.75E03   9.75E04      85.3663      83.7707    0.0000     179.0882       2.8813
  1.00E04   1.00E05      86.4404      87.1360    0.0000     177.9446       2.8830
  1.25E04   1.25E05      81.6638      82.2633    0.0000     179.7602       4.7873
  1.50E04   1.50E05      76.7069      74.7846    0.0000     176.7454       4.3547
  1.75E04   1.75E05      76.9314      75.9740    0.0000     175.8788       4.4540
  2.00E04   2.00E05      74.1872      72.4820    0.0000     177.9192       4.3139
  2.25E04   2.25E05      74.9486      71.5075    0.0000     179.1944       5.2749
  2.50E04   2.50E05      63.9003      60.6457    0.0000     171.3815       6.4416
  2.75E04   2.75E05      53.0335      47.0424    0.0000     171.9176       8.8760
  3.00E04   3.00E05      63.8081      60.3570    0.0000     171.0190       6.6757
  3.25E04   3.25E05      57.9452      54.1994    0.0000     166.1016       9.3991
  3.50E04   3.50E05      58.8399      52.9737    0.0000     177.8892       6.3264
  3.75E04   3.75E05      64.6524      60.8093    0.0000     175.4194       8.7271
  4.00E04   4.00E05      46.9893      40.9958    0.0000     150.9786      13.4612
  4.25E04   4.25E05      49.5348      41.9966    0.0000     164.5501      16.4116
  4.50E04   4.50E05      59.2833      54.7992    0.0000     179.9035      10.8087
  4.75E04   4.75E05      52.9791      47.1522    0.0000     176.1457       8.7377
  5.00E04   5.00E05      49.6169      44.5440    0.0000     168.7391      14.2467
  5.25E04   5.25E05      45.3043      39.9592    0.0000     159.8966      14.4790
  5.50E04   5.50E05      44.7612      39.3162    0.0000     173.1686      12.6172
  5.75E04   5.75E05      42.1300      38.7105    0.0000     136.2081      20.5979
  6.00E04   6.00E05      39.6055      33.1440    0.0000     151.5006      25.4845
  6.25E04   6.25E05      41.8680      35.5310    0.0000     174.0181      19.2432
  6.50E04   6.50E05      46.5736      39.8219    0.0000     174.9328      15.5499
  6.75E04   6.75E05      41.9488      35.9025    0.0000     172.9829      20.4170
  7.00E04   7.00E05      35.0291      30.0011    0.0000     146.6119      26.9402
  7.25E04   7.25E05      45.4063      39.8865    0.0000     174.1136      14.5162
  7.50E04   7.50E05      47.2505      41.2275    0.0000     178.9713      20.6209
  7.75E04   7.75E05      44.5404      37.5911    0.0000     179.7424      20.8709
  8.00E04   8.00E05      39.3907      33.0556    0.0000     172.3943      23.9791
  8.25E04   8.25E05      35.4455      28.9497    0.0000     145.6516      33.2736
  8.50E04   8.50E05      39.4740      35.6544    0.0000     178.9207      23.0447
  8.75E04   8.75E05      41.3310      33.0730    0.0000     178.4940      23.7965
  9.00E04   9.00E05      38.1578      34.8292    0.0000     158.3203      25.1689
  9.25E04   9.25E05      30.5313      24.1266    0.0000     158.0743      42.9990
  9.50E04   9.50E05      33.0986      24.8639    0.0000     149.5547      39.7560
  9.75E04   9.75E05      34.7896      28.2328    0.0000     172.2111      36.3038
  1.00E05   1.00E06      35.8779      28.4125    0.0000     179.6753      32.4474
  1.25E05   1.25E06      28.2138      20.6922    0.0000     153.7179      53.9956
  1.50E05   1.50E06      31.7668      23.9779    0.0000     174.6733      45.3430
  1.75E05   1.75E06      28.6986      18.7954    0.0000     175.1332      53.0506
  2.00E05   2.00E06      26.2050      18.5558    0.0000     173.0233      54.1942
  2.25E05   2.25E06      21.7592      14.3354    0.0000     176.6259      71.1396
  2.50E05   2.50E06      21.8508      11.4534    0.0000     168.8651      75.4783
  2.75E05   2.75E06      21.8976      12.4742    0.0000     178.8721      68.1661
  3.00E05   3.00E06      19.0901      10.5061    0.0000     135.9889      72.2619
  3.25E05   3.25E06      24.4659      13.4612    0.0000     171.9291      67.5562
  3.50E05   3.50E06      25.4705      12.3320    0.0000     179.2902      70.1378
  3.75E05   3.75E06      21.7568       9.8910    0.0000     158.1894      72.0970
  4.00E05   4.00E06      23.8284      12.6022    0.0000     173.7004      68.9126
  4.25E05   4.25E06      19.5083       9.7022    0.0000     176.0925      80.7993
  4.50E05   4.50E06      21.5969      10.5513    0.0000     157.4572      76.7691
  4.75E05   4.75E06      19.9360       9.1446    0.0000     148.9438      79.9199
  5.00E05   5.00E06      21.4734      10.0456    0.0000     167.6576      76.9748
  5.25E05   5.25E06      16.8851       8.0135    0.0000     160.2344      84.3579
  5.50E05   5.50E06      22.6948      10.5071    0.0000     165.3982      73.9410
  5.75E05   5.75E06      20.6496       9.6381    0.0000     157.8464      77.7957
  6.00E05   6.00E06      20.7848       9.1473    0.0000     177.7373      77.9340
  6.25E05   6.25E06      21.3228      10.0670    0.0000     166.7373      75.4641
  6.50E05   6.50E06      15.4195       6.0539    0.0000     155.1613      91.1027
  6.75E05   6.75E06      22.0191       8.9415    0.0000     176.1723      78.4003
  7.00E05   7.00E06      19.3951       8.7048    0.0000     172.9066      81.6681
  7.25E05   7.25E06      22.7262       9.1733    0.0000     176.1737      77.1663
  7.50E05   7.50E06      20.6606       9.4349    0.0000     176.2379      76.9021
  7.75E05   7.75E06      19.5626       7.1440    0.0000     170.3599      81.4642
  8.00E05   8.00E06      20.3566       9.3569    0.0000     156.0604      77.2053
  8.25E05   8.25E06      19.0994       6.5802    0.0000     169.5192      82.1610
  8.50E05   8.50E06      15.9484       5.1893    0.0000     174.1951      90.1683
  8.75E05   8.75E06      21.8403       8.6159    0.0000     162.7267      75.8666
  9.00E05   9.00E06      15.1730       7.6082    0.0000     160.7950      83.6043
  9.25E05   9.25E06      18.8385       7.2723    0.0000     172.6741      82.6983
  9.50E05   9.50E06      12.6760       4.5564    0.0000     156.5568      96.3209
  9.75E05   9.75E06      16.1698       6.0090    0.0000     159.8909      90.8385
  1.00E06   1.00E07      18.0443       7.2508    0.0000     168.6992      85.1558
  1.25E06   1.25E07      15.2488       5.2257    0.0000     162.7846      87.9838
  1.50E06   1.50E07      18.9679       6.8339    0.0000     177.3143      84.8136
  1.75E06   1.75E07      15.8547       5.9265    0.0000     168.8321      85.5671
  2.00E06   2.00E07      22.7677       9.1249    0.0000     176.7836      77.0634
  2.25E06   2.25E07      16.1043       4.8662    0.0000     179.7776      90.5849
  2.50E06   2.50E07      17.4366       7.0524    0.0000     147.0849      82.5121
  2.75E06   2.75E07      16.3246       5.7657    0.0000     165.2363      90.0725
  3.00E06   3.00E07      16.3393       7.2672    0.0000     171.6007      85.4643
  3.25E06   3.25E07      19.6890       6.0701    0.0000     168.9715      79.4447
  3.50E06   3.50E07      17.0717       6.9747    0.0000     132.6873      85.9200
  3.75E06   3.75E07      19.1144       8.4841    0.0000     166.1423      74.2673
  4.00E06   4.00E07      21.3487       7.7650    0.0000     172.7525      74.9747
  4.25E06   4.25E07      27.0142      14.1214    0.0000     179.0194      69.3452
  4.50E06   4.50E07      18.5014       6.7930    0.0000     175.2914      85.6345
  4.75E06   4.75E07      22.5880       9.5612    0.0000     179.3780      83.3579
  5.00E06   5.00E07      16.7298       6.3069    0.0000     168.6443      87.5459
  5.25E06   5.25E07      17.7600       5.4395    0.0000     173.8896      87.0636
  5.50E06   5.50E07      17.2167       7.4967    0.0000     116.4679      83.2905
  5.75E06   5.75E07      19.8083       8.9714    0.0000     169.6687      78.5900
  6.00E06   6.00E07      17.7619       6.9647    0.0000     157.1253      85.8703
  6.25E06   6.25E07      24.5803      14.4678    0.0000     173.8226      68.7689
  6.50E06   6.50E07      23.0920       8.9501    0.0000     175.6246      78.2071
  6.75E06   6.75E07      16.7449       5.7618    0.0000     179.0087      90.4200
  7.00E06   7.00E07      21.4413      10.3013    0.0000     177.2639      75.8861
  7.25E06   7.25E07      19.7527       5.7232    0.0000     167.3426      87.8969
  7.50E06   7.50E07      23.3050      11.1770    0.0000     179.9713      75.0350
  7.75E06   7.75E07      19.9103       7.0025    0.0000     177.3437      85.7728
  8.00E06   8.00E07      25.9178      11.1934    0.0000     179.5920      72.8063
  8.25E06   8.25E07      25.7019      12.1955    0.0000     161.7879      69.9729
  8.50E06   8.50E07      22.6050       8.8064    0.0000     173.9093      79.0457
  8.75E06   8.75E07      23.2322      12.4012    0.0000     165.9757      72.1396
  9.00E06   9.00E07      23.8217       8.3024    0.0000     171.1764      74.4730
  9.25E06   9.25E07      26.9584      11.7811    0.0000     172.7683      70.2938
  9.50E06   9.50E07      24.9659       8.4086    0.0000     177.8821      77.9305
  9.75E06   9.75E07      18.8331       5.6028    0.0000     168.0687      89.2214
  1.00E07   1.00E08      22.9476       8.4026    0.0000     166.2128      78.8950
  1.25E07   1.25E08      21.6361       8.1347    0.0000     170.5181      78.8347
  1.50E07   1.50E08      20.3014       6.9901    0.0000     176.4532      83.8153
  1.75E07   1.75E08      19.7706       7.3420    0.0000     174.6757      82.3064
  2.00E07   2.00E08      28.6883      14.2089    0.0000     175.6408      69.5030
  2.25E07   2.25E08      24.9855      13.5590    0.0000     178.5088      68.9959
  2.50E07   2.50E08      27.5344      15.0427    0.0000     174.6561      63.2103
  2.75E07   2.75E08      26.3719      12.8216    0.0000     178.7600      67.8044
  3.00E07   3.00E08      29.4649      19.3013    0.0000     169.8306      61.8770
  3.25E07   3.25E08      25.3501      13.5637    0.0000     162.2682      69.4959
  3.50E07   3.50E08      26.8966      12.1613    0.0000     179.7637      72.6219
  3.75E07   3.75E08      22.4546      10.3495    0.0000     165.8598      78.4358
  4.00E07   4.00E08      28.8142      15.0761    0.0000     174.4342      67.2530
  4.25E07   4.25E08      23.5335      11.0348    0.0000     166.5263      77.6610
  4.50E07   4.50E08      31.4320      18.9560    0.0000     178.4993      61.9124
  4.75E07   4.75E08      23.8088       8.2018    0.0000     167.8836      77.7443
  5.00E07   5.00E08      25.9291      12.7551    0.0000     173.8090      68.3328
  5.25E07   5.25E08      24.3936       9.3722    0.0000     175.5139      74.1378
  5.50E07   5.50E08      27.4399      14.9544    0.0000     174.3952      67.8629
  5.75E07   5.75E08      26.2220      11.8391    0.0000     177.1250      70.8505
  6.00E07   6.00E08      26.0190      14.2530    0.0000     172.5764      68.3913
  6.25E07   6.25E08      26.3257      13.7675    0.0000     172.5974      68.3948
  6.50E07   6.50E08      22.9416       9.7474    0.0000     165.6739      75.1308
  6.75E07   6.75E08      29.2685      11.5323    0.0000     179.4562      72.0722
  7.00E07   7.00E08      26.5209      11.8320    0.0000     178.4024      71.6644
  7.25E07   7.25E08      30.0050      16.9446    0.0000     170.4499      63.7423
  7.50E07   7.50E08      27.6618      13.8248    0.0000     172.6376      66.1962
  7.75E07   7.75E08      28.3327      14.6848    0.0000     179.1989      69.4729
  8.00E07   8.00E08      29.0628      13.8817    0.0000     176.4251      71.9428
  8.25E07   8.25E08      27.2806      12.9377    0.0000     175.8321      71.0793
  8.50E07   8.50E08      24.4314       8.7988    0.0000     176.6851      78.3525
  8.75E07   8.75E08      24.9857      10.6646    0.0000     172.9710      78.2088
  9.00E07   9.00E08      20.9865       6.3569    0.0000     171.9413      82.4571
  9.25E07   9.25E08      24.6397      10.1666    0.0000     168.3702      77.6663
  9.50E07   9.50E08      23.1877       9.5558    0.0000     173.8831      82.1539
  9.75E07   9.75E08      25.4717       7.8360    0.0000     176.1119      81.2408
  1.00E08   1.00E09      24.0939       9.4861    0.0000     175.9185      80.8525
  1.25E08   1.25E09      27.7133      12.4620    0.0000     178.3330      75.8365
  1.50E08   1.50E09      23.5111      10.3263    0.0000     177.9670      74.0155
  1.75E08   1.75E09      24.5865      10.8511    0.0000     168.0339      77.2620
  2.00E08   2.00E09      25.4333      11.7246    0.0000     177.6334      73.6467
  2.25E08   2.25E09      27.9530      14.5742    0.0000     175.5185      67.0083
  2.50E08   2.50E09      26.1435      13.6112    0.0000     165.8359      70.6005
  2.75E08   2.75E09      26.3245      12.0931    0.0000     176.8771      71.1502
  3.00E08   3.00E09      27.0237      12.7225    0.0000     158.6381      73.4410
  3.25E08   3.25E09      21.9200       6.4503    0.0000     172.3149      81.5458
  3.50E08   3.50E09      27.0012      13.5919    0.0000     179.1770      69.1590
  3.75E08   3.75E09      27.2928      13.1347    0.0000     176.6052      73.2300
  4.00E08   4.00E09      24.9665      10.8389    0.0000     173.2487      75.6591
  4.25E08   4.25E09      21.4854       7.6460    0.0000     175.6531      79.6823
  4.50E08   4.50E09      28.4666      11.7578    0.0000     169.8604      74.0208
  4.75E08   4.75E09      24.5790      14.2220    0.0000     163.9255      68.2353
  5.00E08   5.00E09      22.3665       7.9122    0.0000     151.5218      79.2869
  5.25E08   5.25E09      24.5833      10.6829    0.0000     162.6143      75.8471
  5.50E08   5.50E09      27.9427      15.1540    0.0000     166.2365      65.4497
  5.75E08   5.75E09      24.2676      12.4876    0.0000     152.7224      72.6875
  6.00E08   6.00E09      26.7066      10.6743    0.0000     172.4137      76.8524
  6.25E08   6.25E09      24.3400      11.5526    0.0000     178.9740      71.2300
  6.50E08   6.50E09      26.7812      12.6135    0.0000     177.1714      70.9569
  6.75E08   6.75E09      25.9242      13.7969    0.0000     164.2072      69.8151
  7.00E08   7.00E09      28.2690      15.5293    0.0000     177.5941      68.9853
  7.25E08   7.25E09      30.0129      17.0831    0.0000     179.3439      66.8044
  7.50E08   7.50E09      27.2021      15.2749    0.0000     160.5637      64.5951
  7.75E08   7.75E09      27.3522      12.0683    0.0000     179.2022      70.5899
  8.00E08   8.00E09      29.2025      16.0571    0.0000     173.4104      67.9782
  8.25E08   8.25E09      26.9509      13.7088    0.0000     169.3977      68.5828
  8.50E08   8.50E09      21.0718       7.1517    0.0000     176.8558      86.2125
  8.75E08   8.75E09      27.5558      11.5666    0.0000     169.2318      70.8630
  9.00E08   9.00E09      25.8529      10.9292    0.0000     173.6658      73.9942
  9.25E08   9.25E09      24.9517      10.8248    0.0000     176.5805      78.7018
  9.50E08   9.50E09      28.1241      14.9897    0.0000     163.1477      66.8983
  9.75E08   9.75E09      24.1551      10.9496    0.0000     163.5810      74.8737
  1.00E09   1.00E10      28.5745      12.5912    0.0000     177.4997      68.7867
  1.25E09   1.25E10      27.9377      15.2382    0.0000     172.0920      69.6732
  1.50E09   1.50E10      31.9469      22.5359    0.0000     162.1952      59.0436
  1.75E09   1.75E10      26.9745      10.8141    0.0000     169.8655      73.5900
  2.00E09   2.00E10      25.6583      11.5643    0.0000     176.1826      72.7761
  2.25E09   2.25E10      22.9910       9.1417    0.0000     171.1949      75.4978
  2.50E09   2.50E10      23.9597      10.4145    0.0000     175.1468      79.9872
  2.75E09   2.75E10      24.9853       9.3149    0.0000     155.3728      74.6609
  3.00E09   3.00E10      26.0231      12.0104    0.0000     154.6775      72.8399
  3.25E09   3.25E10      28.1613      11.8732    0.0000     179.5132      73.1095
  3.50E09   3.50E10      26.9544      12.0844    0.0000     176.9329      72.3612
  3.75E09   3.75E10      24.2074      11.2191    0.0000     162.4225      73.0226
  4.00E09   4.00E10      24.4071       8.6535    0.0000     163.4309      79.7780
  4.25E09   4.25E10      22.8672       9.0372    0.0000     166.8764      78.0422
  4.50E09   4.50E10      26.9003      16.5851    0.0000     175.5525      65.4072
  4.75E09   4.75E10      28.9750      15.6468    0.0000     167.5650      70.6112
  5.00E09   5.00E10      27.7114      16.1961    0.0000     166.3655      63.7157
  5.25E09   5.25E10      25.7841      12.1384    0.0000     178.8321      75.4765
  5.50E09   5.50E10      27.1090      11.0209    0.0000     172.6445      73.1609
  5.75E09   5.75E10      24.3827       9.6849    0.0000     177.8546      78.9819
  6.00E09   6.00E10      26.2871      13.5147    0.0000     172.5572      68.9179
  6.25E09   6.25E10      25.3551      13.2024    0.0000     177.5030      69.6431
  6.50E09   6.50E10      23.0866       9.0829    0.0000     176.0324      77.7975
  6.75E09   6.75E10      24.2334      10.0514    0.0000     178.4625      78.7354
  7.00E09   7.00E10      24.9102       8.4067    0.0000     175.8773      83.5103
  7.25E09   7.25E10      31.4838      18.3584    0.0000     175.6666      63.5472
  7.50E09   7.50E10      24.6861       9.0718    0.0000     171.2711      76.1716
  7.75E09   7.75E10      25.3658      11.4476    0.0000     171.3166      70.7069
  8.00E09   8.00E10      28.2562      13.1766    0.0000     179.4229      72.4197
  8.25E09   8.25E10      21.2567       6.7153    0.0000     172.8461      84.4341
  8.50E09   8.50E10      28.6848      15.4906    0.0000     153.1770      66.1022
  8.75E09   8.75E10      27.1990      13.9169    0.0000     156.4452      71.6644
  9.00E09   9.00E10      23.7518      10.2219    0.0000     170.4310      78.9748
  9.25E09   9.25E10      22.8103      11.1891    0.0000     149.1273      71.8967
  9.50E09   9.50E10      28.0953      14.6743    0.0000     175.4342      73.0173
  9.75E09   9.75E10      25.4626      10.1394    0.0000     170.9697      73.5456
  1.00E10   1.00E11      22.9689       9.0271    0.0000     156.9988      80.8844
  1.25E10   1.25E11      25.6365      11.6095    0.0000     169.2367      74.8630
  1.50E10   1.50E11      25.3301      12.3346    0.0000     177.5747      65.5153
  1.75E10   1.75E11      26.9738      13.3692    0.0000     158.7478      67.1838
  2.00E10   2.00E11      22.3075       9.1424    0.0000     175.3621      82.3242
  2.25E10   2.25E11      28.9379      14.2367    0.0000     179.5213      68.9604
  2.50E10   2.50E11      27.5160      15.8031    0.0000     176.1897      67.9338
  2.75E10   2.75E11      26.1363      12.5879    0.0000     178.5325      75.1840
  3.00E10   3.00E11      23.6829       8.5744    0.0000     162.6596      82.1362
  3.25E10   3.25E11      27.0114      13.1234    0.0000     174.5989      68.6874
  3.50E10   3.50E11      25.7114      11.7594    0.0000     177.6506      74.7336
  3.75E10   3.75E11      28.8709      16.0670    0.0000     179.5121      63.8930
  4.00E10   4.00E11      26.0724      10.6986    0.0000     176.2893      72.9712
  4.25E10   4.25E11      23.1017      10.1241    0.0000     175.0866      75.3435
  4.50E10   4.50E11      24.6422      13.4230    0.0000     144.5020      67.0686
  4.75E10   4.75E11      19.5607       6.9020    0.0000     178.9116      81.5156
  5.00E10   5.00E11      23.5241      11.7263    0.0000     171.0836      70.1555
  5.25E10   5.25E11      26.4502      13.4093    0.0000     169.7390      70.0012
  5.50E10   5.50E11      26.4027      13.8451    0.0000     179.8584      69.0296
  5.75E10   5.75E11      20.6270       7.8014    0.0000     167.4367      82.9820
  6.00E10   6.00E11      24.8188      11.9054    0.0000     172.5582      72.8346
  6.25E10   6.25E11      23.3335      10.7678    0.0000     138.6627      75.0421
  6.50E10   6.50E11      27.3908      17.9551    0.0000     169.8720      64.7618
  6.75E10   6.75E11      24.2997       9.9712    0.0000     176.4019      73.7407
  7.00E10   7.00E11      24.8542      10.4221    0.0000     179.0847      78.3790
  7.25E10   7.25E11      25.1829      11.0541    0.0000     168.7043      75.8205
  7.50E10   7.50E11      25.4992       9.6296    0.0000     173.0597      81.4731
  7.75E10   7.75E11      27.2123      12.6379    0.0000     177.8101      73.4729
  8.00E10   8.00E11      27.5156      16.0589    0.0000     174.0174      65.3895
  8.25E10   8.25E11      22.7003       8.9901    0.0000     176.7578      82.4270
  8.50E10   8.50E11      22.5069       8.7225    0.0000     165.7235      77.0670
  8.75E10   8.75E11      28.2858      11.1586    0.0000     177.0955      73.0314
  9.00E10   9.00E11      26.7298      11.1223    0.0000     175.2379      74.4960
  9.25E10   9.25E11      25.9433      11.2031    0.0000     174.8338      70.6927
  9.50E10   9.50E11      24.5272      10.6744    0.0000     176.1462      77.5688
  9.75E10   9.75E11      25.4666      10.7823    0.0000     172.9153      72.7850
  1.00E11   1.00E12      24.5404       6.9885    0.0000     179.1297      79.8294
  1.25E11   1.25E12      25.3155      11.1694    0.0000     167.8379      73.2017
  1.50E11   1.50E12      24.2876       9.5617    0.0000     177.0293      78.7053
  1.75E11   1.75E12      26.7340      16.6779    0.0000     166.9065      66.5987
  2.00E11   2.00E12      25.2833      13.2203    0.0000     175.5175      68.3328
  2.25E11   2.25E12      26.4266      13.3871    0.0000     176.1862      71.8027
  2.50E11   2.50E12      22.7063       8.2768    0.0000     161.0742      83.7213
  2.75E11   2.75E12      27.8396      13.1273    0.0000     175.4756      73.7992
  3.00E11   3.00E12      26.2168      11.4567    0.0000     177.8051      67.9693
  3.25E11   3.25E12      23.9163      10.6359    0.0000     167.6983      74.6715
  3.50E11   3.50E12      22.7929      10.0231    0.0000     175.1734      76.3524
  3.75E11   3.75E12      24.2101       9.0795    0.0000     168.2011      79.0049
  4.00E11   4.00E12      24.3934      12.6092    0.0000     147.8191      69.2778
  4.25E11   4.25E12      23.5382       9.6871    0.0000     169.2926      76.8631
  4.50E11   4.50E12      21.7541       8.2179    0.0000     173.1531      78.4783
  4.75E11   4.75E12      26.2571      12.2092    0.0000     175.1573      75.5386
  5.00E11   5.00E12      22.7063       8.2768    0.0000     161.0742      83.7213
  5.25E11   5.25E12      22.9972      11.1371    0.0000     160.1601      75.1024
  5.50E11   5.50E12      28.4549      10.5593    0.0000     173.1080      76.6414
  5.75E11   5.75E12      23.7957       9.9403    0.0000     179.1857      77.8684
  6.00E11   6.00E12      23.0828       8.5091    0.0000     167.9772      78.4039
  6.25E11   6.25E12      22.9698       9.4657    0.0000     171.9044      74.5847
  6.50E11   6.50E12      25.2829      10.2022    0.0000     177.0761      75.9978
  6.75E11   6.75E12      23.1591       8.4344    0.0000     171.2323      80.3241
  7.00E11   7.00E12      22.7929      10.0231    0.0000     175.1734      76.3524
  7.25E11   7.25E12      23.5581      10.9806    0.0000     165.1346      73.1892
  7.50E11   7.50E12      24.5704      10.1781    0.0000     168.2011      71.8186
  7.75E11   7.75E12      25.6784      10.2279    0.0000     174.3400      72.9694
  8.00E11   8.00E12      26.6999      13.4198    0.0000     168.3321      67.8310
  8.25E11   8.25E12      26.5700      11.7221    0.0000     179.7621      72.3577
  8.50E11   8.50E12      24.0172      10.3141    0.0000     169.2926      76.6060
  8.75E11   8.75E12      26.5955      12.2619    0.0000     177.0172      72.0882
  9.00E11   9.00E12      21.7541       8.2179    0.0000     173.1531      78.4783
  9.25E11   9.25E12      24.7431      10.5741    0.0000     177.5476      74.7496
  9.50E11   9.50E12      25.7282       9.8354    0.0000     178.2424      79.8560
  9.75E11   9.75E12      27.8220      15.6978    0.0000     178.3468      65.2157
  1.00E12   1.00E13      22.7063       8.2768    0.0000     161.0742      83.7213
  1.25E12   1.25E13      22.9698       9.4657    0.0000     171.9044      74.5847
  1.50E12   1.50E13      24.5704      10.1781    0.0000     168.2011      71.8186
  1.75E12   1.75E13      26.5955      12.2619    0.0000     177.0172      72.0882
  2.00E12   2.00E13      22.7063       8.2768    0.0000     161.0742      83.7213
  2.25E12   2.25E13      28.2177      14.2504    0.0000     178.6784      68.5615
  2.50E12   2.50E13      22.9698       9.4657    0.0000     171.9044      74.5847
  2.75E12   2.75E13      22.3821       7.8896    0.0000     169.1827      80.2709
  3.00E12   3.00E13      24.5704      10.1781    0.0000     168.2011      71.8186
  3.25E12   3.25E13      22.2717       6.2698    0.0000     179.6084      84.1735
  3.50E12   3.50E13      26.5955      12.2619    0.0000     177.0172      72.0882
  3.75E12   3.75E13      27.0664      12.3900    0.0000     171.4769      67.5579
  4.00E12   4.00E13      22.7063       8.2768    0.0000     161.0742      83.7213
  4.25E12   4.25E13      26.0880       9.5853    0.0000     176.9738      76.4216
  4.50E12   4.50E13      28.2177      14.2504    0.0000     178.6784      68.5615
  4.75E12   4.75E13      25.6654      13.2978    0.0000     173.3091      68.6218
  5.00E12   5.00E13      22.9698       9.4657    0.0000     171.9044      74.5847
  5.25E12   5.25E13      23.9042       9.7496    0.0000     175.1322      72.9712
  5.50E12   5.50E13      22.3821       7.8896    0.0000     169.1827      80.2709
  5.75E12   5.75E13      20.5308       7.9345    0.0000     152.8372      82.3791
  6.00E12   6.00E13      24.5704      10.1781    0.0000     168.2011      71.8186
  6.25E12   6.25E13      25.8802      12.6038    0.0000     179.8487      69.3328
  6.50E12   6.50E13      22.2717       6.2698    0.0000     179.6084      84.1735
  6.75E12   6.75E13      26.5851      12.2684    0.0000     171.3443      71.4002
  7.00E12   7.00E13      26.5955      12.2619    0.0000     177.0172      72.0882
  7.25E12   7.25E13      23.3548      10.8190    0.0000     179.2929      72.9853
  7.50E12   7.50E13      27.0664      12.3900    0.0000     171.4769      67.5579
  7.75E12   7.75E13      25.8165      11.7902    0.0000     179.8378      74.5864
  8.00E12   8.00E13      22.7063       8.2768    0.0000     161.0742      83.7213
  8.25E12   8.25E13      25.3359      10.8234    0.0000     167.3155      74.2159
  8.50E12   8.50E13      26.0880       9.5853    0.0000     176.9738      76.4216
  8.75E12   8.75E13      24.6416       9.2821    0.0000     173.6584      78.8418
  9.00E12   9.00E13      28.2177      14.2504    0.0000     178.6784      68.5615
  9.25E12   9.25E13      24.8689       9.8404    0.0000     174.9842      77.5865
  9.50E12   9.50E13      25.6654      13.2978    0.0000     173.3091      68.6218
  9.75E12   9.75E13      26.8985      13.9113    0.0000     176.7103      69.7796
  1.00E13   1.00E14      22.9698       9.4657    0.0000     171.9044      74.5847
  1.25E13   1.25E14      25.8802      12.6038    0.0000     179.8487      69.3328
  1.50E13   1.50E14      27.0664      12.3900    0.0000     171.4769      67.5579
  1.75E13   1.75E14      24.6416       9.2821    0.0000     173.6584      78.8418
  2.00E13   2.00E14      22.9698       9.4657    0.0000     171.9044      74.5847
  2.25E13   2.25E14      27.7725      10.7876    0.0000     168.0042      75.5953
  2.50E13   2.50E14      25.8802      12.6038    0.0000     179.8487      69.3328
  2.75E13   2.75E14      29.0323      13.7193    0.0000     179.7480      71.0084
  3.00E13   3.00E14      27.0664      12.3900    0.0000     171.4769      67.5579
  3.25E13   3.25E14      25.2816      10.6983    0.0000     174.6271      75.1751
  3.50E13   3.50E14      24.6416       9.2821    0.0000     173.6584      78.8418
  3.75E13   3.75E14      25.3187      10.4291    0.0000     173.8342      77.2496
  4.00E13   4.00E14      22.9698       9.4657    0.0000     171.9044      74.5847
  4.25E13   4.25E14      22.8839       8.9552    0.0000     177.9532      79.2301
  4.50E13   4.50E14      27.7725      10.7876    0.0000     168.0042      75.5953
  4.75E13   4.75E14      24.1029       9.0818    0.0000     176.3800      77.8170
  5.00E13   5.00E14      25.8802      12.6038    0.0000     179.8487      69.3328
  5.25E13   5.25E14      25.4536       8.5728    0.0000     178.2694      79.8170
  5.50E13   5.50E14      29.0323      13.7193    0.0000     179.7480      71.0084
  5.75E13   5.75E14      24.0479      10.4308    0.0000     178.2408      67.8594
  6.00E13   6.00E14      27.0664      12.3900    0.0000     171.4769      67.5579
  6.25E13   6.25E14      28.9093      15.8814    0.0000     165.8277      61.6483
  6.50E13   6.50E14      25.2816      10.6983    0.0000     174.6271      75.1751
  6.75E13   6.75E14      22.3143       8.5521    0.0000     171.4781      81.5511
  7.00E13   7.00E14      24.6416       9.2821    0.0000     173.6584      78.8418
  7.25E13   7.25E14      23.2129       9.1521    0.0000     179.4453      79.2674
  7.50E13   7.50E14      25.3187      10.4291    0.0000     173.8342      77.2496
  7.75E13   7.75E14      23.9774      10.4225    0.0000     172.2291      76.5031
  8.00E13   8.00E14      22.9698       9.4657    0.0000     171.9044      74.5847
  8.25E13   8.25E14      28.3411      16.9472    0.0000     171.2276      65.8505
  8.50E13   8.50E14      22.8839       8.9552    0.0000     177.9532      79.2301
  8.75E13   8.75E14      29.8988      20.0559    0.0000     171.8259      57.8361
  9.00E13   9.00E14      27.7725      10.7876    0.0000     168.0042      75.5953
  9.25E13   9.25E14      26.5815      13.4944    0.0000     175.1472      67.3948
  9.50E13   9.50E14      24.1029       9.0818    0.0000     176.3800      77.8170
  9.75E13   9.75E14      26.8926      10.8812    0.0000     172.9673      77.1787
  1.00E14   1.00E15      25.8802      12.6038    0.0000     179.8487      69.3328
  1.25E14   1.25E15      28.9093      15.8814    0.0000     165.8277      61.6483
  1.50E14   1.50E15      25.3187      10.4291    0.0000     173.8342      77.2496
  1.75E14   1.75E15      29.8988      20.0559    0.0000     171.8259      57.8361
  2.00E14   2.00E15      25.8802      12.6038    0.0000     179.8487      69.3328
  2.25E14   2.25E15      29.1224      13.4978    0.0000     178.3049      73.0084
  2.50E14   2.50E15      28.9093      15.8814    0.0000     165.8277      61.6483
  2.75E14   2.75E15      23.5420      11.3333    0.0000     176.9227      72.6467
  3.00E14   3.00E15      25.3187      10.4291    0.0000     173.8342      77.2496
  3.25E14   3.25E15      25.0965       9.3540    0.0000     162.6604      78.5723
  3.50E14   3.50E15      29.8988      20.0559    0.0000     171.8259      57.8361
  3.75E14   3.75E15      25.2874      11.1621    0.0000     179.5124      73.7034
  4.00E14   4.00E15      25.8802      12.6038    0.0000     179.8487      69.3328
  4.25E14   4.25E15      26.2732      10.9086    0.0000     173.7606      75.4641
  4.50E14   4.50E15      29.1224      13.4978    0.0000     178.3049      73.0084
  4.75E14   4.75E15      24.8582      10.3784    0.0000     176.5072      79.5174
  5.00E14   5.00E15      28.9093      15.8814    0.0000     165.8277      61.6483
  5.25E14   5.25E15      26.8919      13.1791    0.0000     177.4824      70.4020
  5.50E14   5.50E15      23.5420      11.3333    0.0000     176.9227      72.6467
  5.75E14   5.75E15      24.6718      12.1455    0.0000     163.7566      73.6254
  6.00E14   6.00E15      25.3187      10.4291    0.0000     173.8342      77.2496
  6.25E14   6.25E15      28.0018      14.3673    0.0000     176.4263      70.0261
  6.50E14   6.50E15      25.0965       9.3540    0.0000     162.6604      78.5723
  6.75E14   6.75E15      22.2341       8.4588    0.0000     166.2848      79.3915
  7.00E14   7.00E15      29.8988      20.0559    0.0000     171.8259      57.8361
  7.25E14   7.25E15      27.3486      13.3251    0.0000     179.6862      72.0899
  7.50E14   7.50E15      25.2874      11.1621    0.0000     179.5124      73.7034
  7.75E14   7.75E15      25.5999      10.5572    0.0000     164.6156      78.3507
  8.00E14   8.00E15      25.8802      12.6038    0.0000     179.8487      69.3328
  8.25E14   8.25E15      25.9632      12.8949    0.0000     176.5472      71.9747
  8.50E14   8.50E15      26.2732      10.9086    0.0000     173.7606      75.4641
  8.75E14   8.75E15      27.0311      14.5184    0.0000     161.7575      65.5100
  9.00E14   9.00E15      29.1224      13.4978    0.0000     178.3049      73.0084
  9.25E14   9.25E15      24.4852      11.3127    0.0000     172.9484      74.0527
  9.50E14   9.50E15      24.8582      10.3784    0.0000     176.5072      79.5174
  9.75E14   9.75E15      31.2198      13.9785    0.0000     179.6572      68.1608
  1.00E15   1.00E16      28.9093      15.8814    0.0000     165.8277      61.6483
  1.25E15   1.25E16      28.0018      14.3673    0.0000     176.4263      70.0261
  1.50E15   1.50E16      25.2874      11.1621    0.0000     179.5124      73.7034
  1.75E15   1.75E16      27.0311      14.5184    0.0000     161.7575      65.5100
  2.00E15   2.00E16      28.9093      15.8814    0.0000     165.8277      61.6483
  2.25E15   2.25E16      23.8349      12.0723    0.0000     179.2226      71.6786
  2.50E15   2.50E16      28.0018      14.3673    0.0000     176.4263      70.0261
  2.75E15   2.75E16      26.3880      13.1066    0.0000     173.4886      71.9782
  3.00E15   3.00E16      25.2874      11.1621    0.0000     179.5124      73.7034
  3.25E15   3.25E16      29.4936      12.7736    0.0000     172.1911      71.5084
  3.50E15   3.50E16      27.0311      14.5184    0.0000     161.7575      65.5100
  3.75E15   3.75E16      26.3562      12.2054    0.0000     156.1533      71.7052
  4.00E15   4.00E16      28.9093      15.8814    0.0000     165.8277      61.6483
  4.25E15   4.25E16      27.8143      13.3874    0.0000     168.9632      73.4339
  4.50E15   4.50E16      23.8349      12.0723    0.0000     179.2226      71.6786
  4.75E15   4.75E16      22.0096       7.7330    0.0000     161.0778      82.5493
  5.00E15   5.00E16      28.0018      14.3673    0.0000     176.4263      70.0261
  5.25E15   5.25E16      25.7781      13.0804    0.0000     175.4085      71.4428
  5.50E15   5.50E16      26.3880      13.1066    0.0000     173.4886      71.9782
  5.75E15   5.75E16      28.8440      12.9939    0.0000     178.7719      70.3257
  6.00E15   6.00E16      25.2874      11.1621    0.0000     179.5124      73.7034
  6.25E15   6.25E16      18.7241       5.2102    0.0000     171.4386      87.6062
  6.50E15   6.50E16      29.4936      12.7736    0.0000     172.1911      71.5084
  6.75E15   6.75E16      25.4962      13.2836    0.0000     163.6700      67.7352
  7.00E15   7.00E16      27.0311      14.5184    0.0000     161.7575      65.5100
  7.25E15   7.25E16      27.0561      13.2676    0.0000     177.4766      69.2406
  7.50E15   7.50E16      26.3562      12.2054    0.0000     156.1533      71.7052
  7.75E15   7.75E16      26.2434      13.5668    0.0000     179.3387      67.0384
  8.00E15   8.00E16      28.9093      15.8814    0.0000     165.8277      61.6483
  8.25E15   8.25E16      22.4075       8.4220    0.0000     165.5342      80.2479
  8.50E15   8.50E16      27.8143      13.3874    0.0000     168.9632      73.4339
  8.75E15   8.75E16      26.3013       9.2416    0.0000     174.1769      77.0918
  9.00E15   9.00E16      23.8349      12.0723    0.0000     179.2226      71.6786
  9.25E15   9.25E16      24.6856       9.7298    0.0000     178.5491      73.7371
  9.50E15   9.50E16      22.0096       7.7330    0.0000     161.0778      82.5493
  9.75E15   9.75E16      25.2479      11.0989    0.0000     179.2087      74.7123
  1.00E16   1.00E17      28.0018      14.3673    0.0000     176.4263      70.0261
  1.25E16   1.25E17      18.7241       5.2102    0.0000     171.4386      87.6062
  1.50E16   1.50E17      26.3562      12.2054    0.0000     156.1533      71.7052
  1.75E16   1.75E17      26.3013       9.2416    0.0000     174.1769      77.0918
  2.00E16   2.00E17      28.0018      14.3673    0.0000     176.4263      70.0261
  2.25E16   2.25E17      23.4670       9.2376    0.0000     161.5532      77.3773
  2.50E16   2.50E17      18.7241       5.2102    0.0000     171.4386      87.6062
  2.75E16   2.75E17      26.2237      13.0291    0.0000     177.8082      70.6360
  3.00E16   3.00E17      26.3562      12.2054    0.0000     156.1533      71.7052
  3.25E16   3.25E17      28.0207      14.6774    0.0000     176.4238      70.2246
  3.50E16   3.50E17      26.3013       9.2416    0.0000     174.1769      77.0918
  3.75E16   3.75E17      32.2337      19.5933    0.0000     174.8257      62.9727
  4.00E16   4.00E17      28.0018      14.3673    0.0000     176.4263      70.0261
  4.25E16   4.25E17      26.7111      10.2826    0.0000     178.0693      74.5084
  4.50E16   4.50E17      23.4670       9.2376    0.0000     161.5532      77.3773
  4.75E16   4.75E17      25.0576      12.9574    0.0000     170.2453      66.2476
  5.00E16   5.00E17      18.7241       5.2102    0.0000     171.4386      87.6062
  5.25E16   5.25E17      28.2246      15.7571    0.0000     179.1166      63.1110
  5.50E16   5.50E17      26.2237      13.0291    0.0000     177.8082      70.6360
  5.75E16   5.75E17      24.9013      11.2206    0.0000     173.5284      77.0687
  6.00E16   6.00E17      26.3562      12.2054    0.0000     156.1533      71.7052
  6.25E16   6.25E17      25.4896       9.6246    0.0000     177.2384      74.5279
  6.50E16   6.50E17      28.0207      14.6774    0.0000     176.4238      70.2246
  6.75E16   6.75E17      24.7191       9.8614    0.0000     170.3587      79.3986
  7.00E16   7.00E17      26.3013       9.2416    0.0000     174.1769      77.0918
  7.25E16   7.25E17      26.0266      11.3464    0.0000     169.0506      74.7460
  7.50E16   7.50E17      32.2337      19.5933    0.0000     174.8257      62.9727
  7.75E16   7.75E17      25.1097       9.8351    0.0000     179.6601      72.1218
  8.00E16   8.00E17      28.0018      14.3673    0.0000     176.4263      70.0261
  8.25E16   8.25E17      29.6490      18.4250    0.0000     179.6400      63.2015
  8.50E16   8.50E17      26.7111      10.2826    0.0000     178.0693      74.5084
  8.75E16   8.75E17      30.5956      19.2490    0.0000     177.6822      60.7972
  9.00E16   9.00E17      23.4670       9.2376    0.0000     161.5532      77.3773
  9.25E16   9.25E17      29.3708      14.9666    0.0000     172.2944      67.3292
  9.50E16   9.50E17      25.0576      12.9574    0.0000     170.2453      66.2476
  9.75E16   9.75E17      29.1319      17.4547    0.0000     161.6149      60.5489
  1.00E17   1.00E18      18.7241       5.2102    0.0000     171.4386      87.6062
  1.25E17   1.25E18      25.4896       9.6246    0.0000     177.2384      74.5279
  1.50E17   1.50E18      32.2337      19.5933    0.0000     174.8257      62.9727
  1.75E17   1.75E18      30.5956      19.2490    0.0000     177.6822      60.7972
  2.00E17   2.00E18      18.7241       5.2102    0.0000     171.4386      87.6062
  2.25E17   2.25E18      31.2103      18.6030    0.0000     175.2045      61.7156
  2.50E17   2.50E18      25.4896       9.6246    0.0000     177.2384      74.5279
  2.75E17   2.75E18      27.2766      11.1528    0.0000     174.6516      75.2673
  3.00E17   3.00E18      32.2337      19.5933    0.0000     174.8257      62.9727
  3.25E17   3.25E18      24.2670      11.4366    0.0000     157.6228      76.8311
  3.50E17   3.50E18      30.5956      19.2490    0.0000     177.6822      60.7972
  3.75E17   3.75E18      25.1501      11.8217    0.0000     157.1315      70.6821
  4.00E17   4.00E18      18.7241       5.2102    0.0000     171.4386      87.6062
  4.25E17   4.25E18      27.2606      13.5637    0.0000     175.8312      68.1874
  4.50E17   4.50E18      31.2103      18.6030    0.0000     175.2045      61.7156
  4.75E17   4.75E18      25.6106      10.9239    0.0000     168.5407      74.8737
  5.00E17   5.00E18      25.4896       9.6246    0.0000     177.2384      74.5279
  5.25E17   5.25E18      25.9513      11.0095    0.0000     178.3486      76.5173
  5.50E17   5.50E18      27.2766      11.1528    0.0000     174.6516      75.2673
  5.75E17   5.75E18      24.9496      10.0880    0.0000     175.7946      77.2177
  6.00E17   6.00E18      32.2337      19.5933    0.0000     174.8257      62.9727
  6.25E17   6.25E18      25.7945      12.5401    0.0000     179.4543      76.9535
  6.50E17   6.50E18      24.2670      11.4366    0.0000     157.6228      76.8311
  6.75E17   6.75E18      23.0003      10.3368    0.0000     172.8183      76.8826
  7.00E17   7.00E18      30.5956      19.2490    0.0000     177.6822      60.7972
  7.25E17   7.25E18      25.0131      10.6390    0.0000     162.1977      72.8027
  7.50E17   7.50E18      25.1501      11.8217    0.0000     157.1315      70.6821
  7.75E17   7.75E18      25.0388       9.7261    0.0000     176.4920      74.1254
  8.00E17   8.00E18      18.7241       5.2102    0.0000     171.4386      87.6062
  8.25E17   8.25E18      23.4836       9.5310    0.0000     169.1689      80.7727
  8.50E17   8.50E18      27.2606      13.5637    0.0000     175.8312      68.1874
  8.75E17   8.75E18      25.8461      13.0563    0.0000     172.6667      68.2423
  9.00E17   9.00E18      31.2103      18.6030    0.0000     175.2045      61.7156
  9.25E17   9.25E18      24.7006      10.8435    0.0000     175.2909      75.2957
  9.50E17   9.50E18      25.6106      10.9239    0.0000     168.5407      74.8737
  9.75E17   9.75E18      20.7857       6.0039    0.0000     176.4959      83.9944
  1.00E18   1.00E19      25.4896       9.6246    0.0000     177.2384      74.5279
  1.25E18   1.25E19      25.7945      12.5401    0.0000     179.4543      76.9535
  1.50E18   1.50E19      25.1501      11.8217    0.0000     157.1315      70.6821
  1.75E18   1.75E19      25.8461      13.0563    0.0000     172.6667      68.2423
  2.00E18   2.00E19      25.4896       9.6246    0.0000     177.2384      74.5279
  2.25E18   2.25E19      21.1737       7.2991    0.0000     162.8899      81.5209
  2.50E18   2.50E19      25.7945      12.5401    0.0000     179.4543      76.9535
  2.75E18   2.75E19      24.1867       9.9347    0.0000     165.0514      76.2655
  3.00E18   3.00E19      25.1501      11.8217    0.0000     157.1315      70.6821
  3.25E18   3.25E19      28.2800      13.3440    0.0000     164.3320      68.5650
  3.50E18   3.50E19      25.8461      13.0563    0.0000     172.6667      68.2423
  3.75E18   3.75E19      22.6242       7.9486    0.0000     169.5109      81.1504
  4.00E18   4.00E19      25.4896       9.6246    0.0000     177.2384      74.5279
  4.25E18   4.25E19      26.2729      12.2005    0.0000     163.1047      72.9942
  4.50E18   4.50E19      21.1737       7.2991    0.0000     162.8899      81.5209
  4.75E18   4.75E19      19.5531       7.3124    0.0000     177.9106      82.8348
  5.00E18   5.00E19      25.7945      12.5401    0.0000     179.4543      76.9535
  5.25E18   5.25E19      27.7029      12.0672    0.0000     176.0976      75.7886
  5.50E18   5.50E19      24.1867       9.9347    0.0000     165.0514      76.2655
  5.75E18   5.75E19      26.6156      12.1761    0.0000     176.4209      74.1804
  6.00E18   6.00E19      25.1501      11.8217    0.0000     157.1315      70.6821
  6.25E18   6.25E19      26.4733      12.9214    0.0000     154.2333      69.8381
  6.50E18   6.50E19      28.2800      13.3440    0.0000     164.3320      68.5650
  6.75E18   6.75E19      23.3629       8.3905    0.0000     178.8294      83.8100
  7.00E18   7.00E19      25.8461      13.0563    0.0000     172.6667      68.2423
  7.25E18   7.25E19      26.8246      13.2987    0.0000     158.9446      71.0970
  7.50E18   7.50E19      22.6242       7.9486    0.0000     169.5109      81.1504
  7.75E18   7.75E19      23.7891      10.9741    0.0000     176.0176      74.2159
  8.00E18   8.00E19      25.4896       9.6246    0.0000     177.2384      74.5279
  8.25E18   8.25E19      23.3603       8.4047    0.0000     177.7734      76.7815
  8.50E18   8.50E19      26.2729      12.2005    0.0000     163.1047      72.9942
  8.75E18   8.75E19      29.0241      14.3961    0.0000     171.7390      67.4764
  9.00E18   9.00E19      21.1737       7.2991    0.0000     162.8899      81.5209
  9.25E18   9.25E19      24.3693      10.7614    0.0000     167.6025      78.7124
  9.50E18   9.50E19      19.5531       7.3124    0.0000     177.9106      82.8348
  9.75E18   9.75E19      28.3271      13.4579    0.0000     172.0041      70.1342
  1.00E19   1.00E20      25.7945      12.5401    0.0000     179.4543      76.9535
  1.25E19   1.25E20      26.4733      12.9214    0.0000     154.2333      69.8381
  1.50E19   1.50E20      22.6242       7.9486    0.0000     169.5109      81.1504
  1.75E19   1.75E20      29.0241      14.3961    0.0000     171.7390      67.4764
  2.00E19   2.00E20      25.7945      12.5401    0.0000     179.4543      76.9535
  2.25E19   2.25E20      26.0911      12.1448    0.0000     175.4672      73.1999
  2.50E19   2.50E20      26.4733      12.9214    0.0000     154.2333      69.8381
  2.75E19   2.75E20      25.3023       9.7626    0.0000     178.4702      75.6680
  3.00E19   3.00E20      22.6242       7.9486    0.0000     169.5109      81.1504
  3.25E19   3.25E20      19.1560       7.8744    0.0000     148.4952      82.3525
  3.50E19   3.50E20      29.0241      14.3961    0.0000     171.7390      67.4764
  3.75E19   3.75E20      23.9252       6.4835    0.0000     164.8982      83.4962
  4.00E19   4.00E20      25.7945      12.5401    0.0000     179.4543      76.9535
  4.25E19   4.25E20      28.3243      15.2849    0.0000     173.5264      67.7849
  4.50E19   4.50E20      26.0911      12.1448    0.0000     175.4672      73.1999
  4.75E19   4.75E20      27.4458      10.8818    0.0000     176.1732      78.0971
  5.00E19   5.00E20      26.4733      12.9214    0.0000     154.2333      69.8381
  5.25E19   5.25E20      24.3251      11.1476    0.0000     158.5411      72.8736
  5.50E19   5.50E20      25.3023       9.7626    0.0000     178.4702      75.6680
  5.75E19   5.75E20      26.2382      13.0887    0.0000     174.0742      70.0012
  6.00E19   6.00E20      22.6242       7.9486    0.0000     169.5109      81.1504
  6.25E19   6.25E20      26.4204      13.2703    0.0000     174.5039      68.0438
  6.50E19   6.50E20      19.1560       7.8744    0.0000     148.4952      82.3525
  6.75E19   6.75E20      20.3282       7.4683    0.0000     162.1743      81.6788
  7.00E19   7.00E20      29.0241      14.3961    0.0000     171.7390      67.4764
  7.25E19   7.25E20      23.6380      10.9158    0.0000     134.8456      73.1130
  7.50E19   7.50E20      23.9252       6.4835    0.0000     164.8982      83.4962
  7.75E19   7.75E20      23.0699       9.5302    0.0000     169.4519      79.0546
  8.00E19   8.00E20      25.7945      12.5401    0.0000     179.4543      76.9535
  8.25E19   8.25E20      26.0453       9.9254    0.0000     179.3804      75.6751
  8.50E19   8.50E20      28.3243      15.2849    0.0000     173.5264      67.7849
  8.75E19   8.75E20      25.5377      11.0525    0.0000     174.9845      72.3825
  9.00E19   9.00E20      26.0911      12.1448    0.0000     175.4672      73.1999
  9.25E19   9.25E20      22.3425       7.5543    0.0000     179.3747      82.2869
  9.50E19   9.50E20      27.4458      10.8818    0.0000     176.1732      78.0971
  9.75E19   9.75E20      23.5228       9.0030    0.0000     175.6857      80.2904
  1.00E20   1.00E21      26.4733      12.9214    0.0000     154.2333      69.8381
  1.25E20   1.25E21      26.4204      13.2703    0.0000     174.5039      68.0438
  1.50E20   1.50E21      23.9252       6.4835    0.0000     164.8982      83.4962
  1.75E20   1.75E21      25.5377      11.0525    0.0000     174.9845      72.3825
  2.00E20   2.00E21      26.4733      12.9214    0.0000     154.2333      69.8381
  2.25E20   2.25E21      23.0399       9.2006    0.0000     175.8528      76.6450
  2.50E20   2.50E21      26.4204      13.2703    0.0000     174.5039      68.0438
  2.75E20   2.75E21      28.8599      14.4354    0.0000     174.6087      69.2672
  3.00E20   3.00E21      23.9252       6.4835    0.0000     164.8982      83.4962
  3.25E20   3.25E21      22.6916       9.9400    0.0000     160.0587      76.3985
  3.50E20   3.50E21      25.5377      11.0525    0.0000     174.9845      72.3825
  3.75E20   3.75E21      23.3565       9.0504    0.0000     169.4027      78.6610
  4.00E20   4.00E21      26.4733      12.9214    0.0000     154.2333      69.8381
  4.25E20   4.25E21      22.2084       6.6527    0.0000     177.1822      81.5511
  4.50E20   4.50E21      23.0399       9.2006    0.0000     175.8528      76.6450
  4.75E20   4.75E21      23.7344       9.5630    0.0000     173.6249      78.4659
  5.00E20   5.00E21      26.4204      13.2703    0.0000     174.5039      68.0438
  5.25E20   5.25E21      27.4796      15.6475    0.0000     168.6837      66.0490
  5.50E20   5.50E21      28.8599      14.4354    0.0000     174.6087      69.2672
  5.75E20   5.75E21      25.5199      10.3720    0.0000     174.9967      72.9747
  6.00E20   6.00E21      23.9252       6.4835    0.0000     164.8982      83.4962
  6.25E20   6.25E21      28.2158      16.0134    0.0000     158.1473      67.9533
  6.50E20   6.50E21      22.6916       9.9400    0.0000     160.0587      76.3985
  6.75E20   6.75E21      21.4567       8.2829    0.0000     172.9727      81.1805
  7.00E20   7.00E21      25.5377      11.0525    0.0000     174.9845      72.3825
  7.25E20   7.25E21      21.1401       7.4403    0.0000     174.0585      80.6823
  7.50E20   7.50E21      23.3565       9.0504    0.0000     169.4027      78.6610
  7.75E20   7.75E21      27.5109      14.3840    0.0000     170.1920      66.7760
  8.00E20   8.00E21      26.4733      12.9214    0.0000     154.2333      69.8381
  8.25E20   8.25E21      22.4647      10.2993    0.0000     167.5592      75.6379
  8.50E20   8.50E21      22.2084       6.6527    0.0000     177.1822      81.5511
  8.75E20   8.75E21      29.9944      16.2833    0.0000     169.4493      66.0189
  9.00E20   9.00E21      23.0399       9.2006    0.0000     175.8528      76.6450
  9.25E20   9.25E21      26.2097      11.7325    0.0000     175.4148      73.2903
  9.50E20   9.50E21      23.7344       9.5630    0.0000     173.6249      78.4659
  9.75E20   9.75E21      27.8246      15.4974    0.0000     175.3787      68.4782
  1.00E21   1.00E22      26.4204      13.2703    0.0000     174.5039      68.0438
  1.25E21   1.25E22      28.2158      16.0134    0.0000     158.1473      67.9533
  1.50E21   1.50E22      23.3565       9.0504    0.0000     169.4027      78.6610
  1.75E21   1.75E22      29.9944      16.2833    0.0000     169.4493      66.0189
  2.00E21   2.00E22      26.4204      13.2703    0.0000     174.5039      68.0438
  2.25E21   2.25E22      23.3396       9.8302    0.0000     164.0811      76.8968
  2.50E21   2.50E22      28.2158      16.0134    0.0000     158.1473      67.9533
  2.75E21   2.75E22      23.1565      11.3782    0.0000     159.4159      75.6982
  3.00E21   3.00E22      23.3565       9.0504    0.0000     169.4027      78.6610
  3.25E21   3.25E22      23.9286      11.1088    0.0000     171.8881      74.6715
  3.50E21   3.50E22      29.9944      16.2833    0.0000     169.4493      66.0189
  3.75E21   3.75E22      24.7741       9.8735    0.0000     173.4328      72.6094
  4.00E21   4.00E22      26.4204      13.2703    0.0000     174.5039      68.0438
  4.25E21   4.25E22      25.9371      12.0641    0.0000     176.4734      71.1059
  4.50E21   4.50E22      23.3396       9.8302    0.0000     164.0811      76.8968
  4.75E21   4.75E22      23.6337       8.9629    0.0000     166.1553      80.5280
  5.00E21   5.00E22      28.2158      16.0134    0.0000     158.1473      67.9533
  5.25E21   5.25E22      27.5571      12.9039    0.0000     177.3976      70.0473
  5.50E21   5.50E22      23.1565      11.3782    0.0000     159.4159      75.6982
  5.75E21   5.75E22      23.7202       9.2162    0.0000     171.4697      77.1432
  6.00E21   6.00E22      23.3565       9.0504    0.0000     169.4027      78.6610
  6.25E21   6.25E22      25.6481      10.5114    0.0000     173.2284      77.1468
  6.50E21   6.50E22      23.9286      11.1088    0.0000     171.8881      74.6715
  6.75E21   6.75E22      25.1762      12.3720    0.0000     174.1603      70.4445
  7.00E21   7.00E22      29.9944      16.2833    0.0000     169.4493      66.0189
  7.25E21   7.25E22      25.8291      11.9511    0.0000     177.2429      71.9304
  7.50E21   7.50E22      24.7741       9.8735    0.0000     173.4328      72.6094
  7.75E21   7.75E22      26.0826      11.2438    0.0000     169.6609      77.0333
  8.00E21   8.00E22      26.4204      13.2703    0.0000     174.5039      68.0438
  8.25E21   8.25E22      28.8126      13.1824    0.0000     175.5145      70.2034
  8.50E21   8.50E22      25.9371      12.0641    0.0000     176.4734      71.1059
  8.75E21   8.75E22      25.8907      10.6387    0.0000     173.1974      73.3151
  9.00E21   9.00E22      23.3396       9.8302    0.0000     164.0811      76.8968
  9.25E21   9.25E22      24.4462      11.8349    0.0000     176.7935      77.0173
  9.50E21   9.50E22      23.6337       8.9629    0.0000     166.1553      80.5280
